xLength=1.0
yLength=1.0
iMax=100
jMax=100
tEnd=100.0
deltaT=0.0
deltaX=0.01
deltaY=0.01
tau=0.5
deltaVec=1.4
iterMax=200
eps=0.00001
omg=1.7
alpha=0.9
gamma=0.9
re=11063
gx=0.0
gy=-1.1004
ui=0.0
vi=0.0
pi=0.0
Pr=7.0
beta=0.00021
TI=0.0