xLength=10.0
yLength=2.0
iMax=102
jMax=22
tEnd=500.0
deltaT=0.0
deltaX=0.098
deltaY=0.09
tau=0.5
deltaVec=2.0
iterMax=20000
eps=0.00001
omg=1.7
alpha=0.9
gamma=0.9
re=200
gx=0.0
gy=0.0
ui=0.0
vi=0.0
pi=0.0
Pr=7.0
beta=0.00021
TI=0.0
WL=4
WR=3
WO=1
WU=1